96
29
14
38
43
66
58
15
46
50
23
82
58
33
2
18
55
58
77
28
52
71
60
78
31
76
12
55
62
98
21
55
39
66
62
44
52
81
49
27
7
38
92
74
69
37
38
87
44
42
75
89
79
13
91
74
82
41
28
38
30
87
19
87
6
98
72
34
13
65
62
74
64
94
60
84
97
34
19
91
25
42
14
94
47
53
71
0
10
96
13
40
61
47
39
41
19
0
4
53
10
23
29
23
89
53
68
59
81
2
15
92
8
3
76
56
77
68
92
83
64
24
92
69
87
63
72
66
8
81
23
57
26
13
12
0
6
83
47
56
61
88
3
61
7
48
44
66
40
39
41
47
73
1
68
31
47
83
47
40
83
88
79
74
97
24
17
13
27
0
21
39
38
67
66
22
20
98
47
98
73
36
92
80
91
48
85
96
70
71
32
41
34
53
35
83
96
84
69
80
24
54
86
15
96
93
78
3
14
84
47
89
11
60
67
14
12
92
67
37
99
27
47
96
44
77
92
48
71
73
88
2
73
30
18
66
74
12
73
53
12
18
7
15
27
3
75
22
94
70
79
81
15
90
8
85
24
51
32
15
73
87
66
4
34
10
30
65
52
29
64
38
0
9
55
91
28
96
67
83
7
57
48
49
50
98
2
96
28
3
49
18
10
10
22
65
95
69
1
6
87
84
87
92
85
12
44
62
23
25
49
49
22
77
86
61
23
62
82
13
71
34
46
57
64
17
82
53
8
60
92
5
47
37
37
34
99
0
96
59
0
37
23
40
46
35
98
52
62
81
36
72
33
52
72
34
28
66
44
60
33
50
53
50
7
12
92
20
89
64
37
15
46
87
6
8
97
38
39
79
20
8
36
82
25
19
25
39
89
87
77
62
74
35
2
8
8
37
78
46
41
64
75
94
61
77
97
93
50
91
77
97
24
96
58
78
37
54
8
60
8
26
96
39
88
8
11
4
1
8
64
56
70
45
69
44
50
69
82
76
4
13
48
36
27
3
69
36
32
54
69
15
40
53
31
40
69
60
94
10
15
92
2
63
72
19
91
20
53
16
47
15
9
57
49
26
97
34
18
64
38
69
25
62
78
93
4
24
6
80
61
17
13
7
51
25
23
28
69
51
65
38
9
24
96
18
99
95
1
33
17
70
95
42
11
9
5
82
16
15
71
87
87
58
24
91
40
96
51
86
87
48
82
35
80
42
41
24
22
56
32
8
18
30
79
2
3
66
91
16
86
53
41
70
76
65
56
89
21
51
56
13
10
28
98
91
28
41
32
4
2
61
69
27
12
13
90
32
25
55
96
99
56
58
30
96
1
77
28
98
98
62
38
96
5
19
74
10
28
33
97
21
60
50
45
65
0
29
16
25
38
96
61
91
36
30
12
81
85
91
8
56
11
1
37
55
17
77
4
8
21
91
12
11
3
66
47
0
34
60
17
24
89
46
57
67
19
22
17
46
64
94
53
56
47
61
25
55
4
93
8
12
91
1
96
23
0
18
59
2
58
41
73
53
66
49
73
13
5
44
98
6
87
64
95
10
43
96
18
71
48
67
69
84
14
9
3
16
65
58
3
57
84
32
20
77
58
9
65
80
10
86
36
9
92
78
49
10
67
56
32
31
84
9
52
54
77
50
4
51
32
53
61
7
27
2
78
99
4
1
92
43
13
91
10
76
37
99
59
68
7
40
7
96
25
53
57
60
70
24
44
7
92
72
5
9
4
81
80
44
12
82
59
3
27
67
99
55
86
85
66
87
71
96
80
90
34
63
10
64
27
67
1
21
98
74
4
12
55
51
96
23
26
20
1
45
8
22
69
40
53
93
10
17
2
0
29
67
31
53
54
19
17
91
88
12
49
48
41
54
92
26
51
1
47
14
22
91
88
37
62
82
76
34
58
92
5
68
7
1
36
85
95
57
23
45
77
96
93
74
97
87
70
92
89
12
46
29
84
18
99
94
96
26
14
14
75
98
36
57
58
44
26
80
9
38
71
36
84
98
6
15
60
65
42
84
31
11
51
12
80
62
64
15
66
50
44
70
44
21
59
37
11
11
88
33
37
22
91
55
73
81
36
45
89
91
33
11
79
7
71
56
85
71
40
87
23
46
85
57
66
34
1
18
64
26
70
9
99
77
88
4
61
22
76
97
60
5
28
75
70
82
25
9
64
32
71
58
5
36
53
61
80
17
91
87
46
66
20
60
98
39
42
31
62
44
6
2
22
26
66
54
73
4
85
35
24
71
89
72
